200 3 14
50
1 2 2 10.5 1.3 2 4
2 0 4 36.1 3.8 1 3
3 2 4 24.9 5.5 3 1
4 2 5 14.3 4.8 1 2
5 1 7 23.6 4.4 1 2
6 2 8 12.2 4.3 4 4
7 2 9 13.1 3.0 4 5
8 2 8 17.2 1.9 1 4
9 2 10 21.7 3.7 4 5
10 2 11 23.8 2.0 3 3
11 2 13 35.0 5.9 3 4
12 2 14 31.9 5.8 3 5
13 2 13 32.9 4.4 2 4
14 1 14 38.1 4.6 3 5
15 0 16 32.6 1.3 1 4
16 1 18 32.4 4.6 4 1
17 0 18 32.0 1.2 1 1
18 2 18 15.0 2.1 3 4
19 2 21 36.6 1.7 3 1
20 2 21 13.8 4.5 2 5
21 1 21 30.6 6.0 4 1
22 0 22 23.5 5.4 3 3
23 0 23 32.7 3.9 4 5
24 2 24 27.2 4.5 3 4
25 1 26 12.7 5.6 3 2
26 0 28 18.9 4.2 4 2
27 2 29 31.4 2.9 4 2
28 2 29 13.9 4.0 1 4
29 0 31 40.0 1.9 1 1
30 0 30 31.8 1.2 2 4
31 1 32 15.3 5.2 3 5
32 2 34 25.5 1.4 4 3
33 0 35 19.8 5.1 3 3
34 0 34 37.5 2.8 3 2
35 1 35 39.3 1.6 3 2
36 1 37 30.8 1.2 3 1
37 2 39 24.3 2.3 4 3
38 1 38 25.6 1.3 3 5
39 2 41 13.0 2.6 4 4
40 2 42 37.3 5.2 1 2
41 2 42 18.8 1.0 3 3
42 2 43 31.7 3.7 1 5
43 2 43 34.8 4.8 4 3
44 1 46 29.3 1.2 1 1
45 1 46 22.1 4.5 2 1
46 1 47 23.1 2.4 4 1
47 2 48 15.2 4.5 2 5
48 1 50 25.8 1.5 4 3
49 1 50 23.7 3.5 4 1
50 0 51 15.1 5.5 4 2
