200 3 14
50
1 2 2 36.3 1.6 4 1
2 1 4 33.7 2.9 4 4
3 2 5 15.9 5.5 1 4
4 2 5 21.5 5.5 1 2
5 0 7 34.3 1.3 4 4
6 2 6 15.9 2.6 3 1
7 1 7 20.3 4.7 2 4
8 1 8 23.2 3.5 2 1
9 1 9 38.2 2.9 1 2
10 0 11 28.7 3.2 4 4
11 1 13 34.8 2.9 2 2
12 1 13 12.2 2.8 1 4
13 1 14 26.6 5.4 2 3
14 0 16 11.9 2.3 4 4
15 1 15 36.0 5.3 3 3
16 2 17 29.4 2.6 3 1
17 0 18 34.6 1.8 1 5
18 0 18 10.7 4.1 4 4
19 2 21 34.1 5.8 2 3
20 2 22 38.5 2.0 4 3
21 1 21 19.3 4.2 1 1
22 2 24 29.9 2.0 2 1
23 1 25 36.9 3.4 1 3
24 1 24 29.1 4.1 3 1
25 1 26 15.4 5.2 4 3
26 0 27 37.8 4.6 3 4
27 0 27 31.8 1.8 3 3
28 0 28 12.8 2.8 3 4
29 1 30 35.5 3.8 2 1
30 2 32 13.3 4.8 3 3
31 0 33 22.1 3.9 1 4
32 0 33 33.5 3.1 1 2
33 2 33 38.1 1.2 4 5
34 2 36 20.5 3.9 1 4
35 1 37 32.3 2.8 3 4
36 2 37 22.6 2.3 2 2
37 0 38 35.0 1.2 1 4
38 1 38 12.9 1.6 2 4
39 0 40 35.1 2.6 1 4
40 1 42 10.3 2.3 2 5
41 1 41 29.2 4.1 1 1
42 1 42 31.2 1.2 4 1
43 1 43 14.9 2.1 3 5
44 2 44 31.1 4.8 3 2
45 1 46 34.7 1.1 4 3
46 0 47 15.8 4.5 3 3
47 2 49 14.1 4.5 1 2
48 2 50 24.6 5.8 1 5
49 2 50 26.7 2.2 4 2
50 2 50 31.9 1.7 1 4
