200 3 14
50
1 2 1 10.0 5.2 3 3
2 1 2 22.7 3.8 2 1
3 0 3 30.5 5.3 2 2
4 0 4 11.4 2.4 1 3
5 1 7 36.4 1.0 3 5
6 2 8 20.7 5.5 1 3
7 1 9 12.6 4.5 4 5
8 2 10 19.2 5.8 3 5
9 0 9 38.8 4.1 3 3
10 2 10 33.0 5.7 1 2
11 1 13 29.4 4.4 3 5
12 1 12 29.3 5.7 4 1
13 1 14 15.5 1.4 4 5
14 1 15 11.4 1.5 3 4
15 0 16 25.7 2.2 1 5
16 1 17 14.3 2.0 2 1
17 2 19 39.3 5.1 2 2
18 2 19 39.1 5.9 4 2
19 0 19 27.5 5.7 2 3
20 2 21 21.0 4.5 2 2
21 1 22 21.6 5.0 4 4
22 0 24 35.4 5.1 1 4
23 1 23 30.2 2.3 3 1
24 2 25 26.6 5.1 4 2
25 0 27 31.4 5.3 2 5
26 0 28 13.6 1.0 1 1
27 0 27 26.4 1.9 1 4
28 2 28 27.3 4.4 4 1
29 0 29 29.6 6.0 2 4
30 0 31 22.7 1.7 3 1
31 1 33 25.9 1.7 1 5
32 2 34 23.6 4.7 4 5
33 1 33 23.8 4.4 2 1
34 0 34 17.6 5.5 1 2
35 1 37 11.4 1.3 2 2
36 2 37 34.6 2.7 3 2
37 0 39 32.1 3.3 3 1
38 1 39 33.5 2.1 2 4
39 1 39 29.9 1.5 3 4
40 0 42 12.3 2.1 2 2
41 2 43 33.7 3.8 3 2
42 0 42 30.5 1.1 2 4
43 2 45 20.6 4.9 4 3
44 1 46 26.1 1.1 1 3
45 1 45 28.2 5.7 3 3
46 2 48 12.0 4.9 4 3
47 0 47 29.2 2.9 3 3
48 2 50 10.9 1.9 4 4
49 0 49 16.1 4.5 2 4
50 0 52 22.1 2.0 2 2
