200 3 14
50
1 0 3 36.9 4.4 3 2
2 2 2 15.4 4.5 1 1
3 0 3 40.5 2.6 2 5
4 2 6 29.6 3.1 1 2
5 0 6 45.2 3.2 2 5
6 2 7 43.3 5.2 2 5
7 0 8 19.3 2.9 2 3
8 0 10 24.0 6.0 2 4
9 1 11 15.5 5.7 3 5
10 0 10 16.0 4.4 4 2
11 0 11 11.3 5.5 3 3
12 2 14 22.5 3.3 1 2
13 1 15 11.5 4.7 4 1
14 1 14 36.3 4.1 4 3
15 1 17 19.8 5.7 4 2
16 1 17 30.1 4.4 1 3
17 2 18 26.9 2.2 2 3
18 2 18 30.0 3.0 2 4
19 1 21 44.7 2.1 3 1
20 2 20 12.4 1.7 3 5
21 0 23 33.4 2.0 2 3
22 0 22 32.1 4.1 1 2
23 1 23 20.8 1.2 4 1
24 0 24 33.4 5.8 4 4
25 0 26 37.4 6.0 2 1
26 0 27 11.4 5.9 3 2
27 1 27 43.6 2.0 4 3
28 2 29 39.8 5.5 1 4
29 0 30 30.6 4.6 1 2
30 1 30 21.7 1.5 2 5
31 0 31 31.0 1.6 4 1
32 0 34 13.8 1.0 3 4
33 2 34 38.1 1.1 2 5
34 0 35 20.2 3.7 3 4
35 2 37 31.5 3.2 1 3
36 2 37 21.1 5.7 1 5
37 0 38 23.0 3.9 4 3
38 0 40 19.2 4.9 2 3
39 1 41 46.1 5.8 4 1
40 1 41 25.2 1.8 3 2
41 0 42 19.6 3.9 3 4
42 2 44 41.5 3.4 1 2
43 1 45 10.7 3.8 2 2
44 1 46 26.1 2.0 2 3
45 0 45 31.1 2.0 2 3
46 1 47 18.9 1.8 2 4
47 2 47 41.2 2.1 4 1
48 0 49 24.6 1.1 3 2
49 1 51 21.5 5.2 3 3
50 1 52 46.7 2.3 4 1
