200 3 14
50
1 1 2 21.9 5.5 2 1
2 0 2 27.2 1.4 2 1
3 2 3 27.3 5.5 3 2
4 0 5 16.5 4.4 4 2
5 1 5 39.5 5.5 1 3
6 2 6 25.7 5.9 1 4
7 0 8 35.2 2.3 3 2
8 1 9 35.5 4.7 1 5
9 1 11 24.7 3.6 2 2
10 2 12 31.8 3.3 2 4
11 1 12 39.3 5.3 3 1
12 1 12 17.1 4.5 1 1
13 2 15 38.4 5.1 3 1
14 0 15 28.4 1.4 2 5
15 2 16 26.7 4.6 1 5
16 0 16 10.2 5.6 3 1
17 0 17 33.6 1.9 2 1
18 2 18 10.8 1.7 1 1
19 0 19 31.0 3.2 3 2
20 1 21 31.9 4.2 2 1
21 0 23 13.7 3.3 2 5
22 1 23 35.8 5.1 4 5
23 0 25 22.0 1.6 3 1
24 1 25 34.9 3.0 1 2
25 1 25 30.1 5.7 3 1
26 2 28 13.4 3.9 4 1
27 2 29 14.4 5.6 2 1
28 1 28 31.9 6.0 2 4
29 0 29 24.0 5.9 1 3
30 0 32 22.8 2.4 2 4
31 0 32 37.5 1.1 4 1
32 2 33 12.1 1.9 3 1
33 2 34 33.6 1.5 3 1
34 2 34 36.1 4.9 3 2
35 1 35 35.2 2.1 4 5
36 2 36 19.9 4.5 4 1
37 2 39 26.7 3.8 3 4
38 0 40 11.9 5.3 2 2
39 0 41 10.5 5.6 4 3
40 1 41 29.3 2.4 3 5
41 1 42 17.4 5.4 4 5
42 2 44 37.9 3.3 2 5
43 2 44 14.5 2.7 2 2
44 2 44 34.8 1.1 4 4
45 0 46 10.7 6.0 4 5
46 2 46 34.8 4.3 4 1
47 2 47 14.2 2.1 3 3
48 2 50 32.5 3.3 3 2
49 2 51 10.6 1.7 1 1
50 0 51 37.8 5.2 3 5
